model = proj_rotz_exp1_asym
-------------------------------------------------------------------------------------------------------------------------------------------------------------------------------------------------------------------------------
    date    julian_date         n               s_a0               s_xo               s_yo               s_xz               s_yz                s_v                s_s                s_d                s_j              s_phi
     [/]            [/]       [/]              [rad]               [px]               [px]               [px]               [px]           [rad/px]              [rad]             [1/px]                [/]              [rad]
-------------------------------------------------------------------------------------------------------------------------------------------------------------------------------------------------------------------------------
 
20181100      2458422.0       33.      3.595834E-004      1.004980E+000      1.154546E+000      2.295883E-001      2.502108E-001      4.201700E-006      5.627185E-005      1.185010E-004      1.210875E-004      3.636270E-002
20181101      2458423.0      578.      3.103466E-004      6.104053E-001      6.549307E-001      1.530653E-001      1.728350E-001      2.602684E-006      2.901463E-005      5.938039E-005      1.744044E-004      1.141765E-001
20181103      2458425.0      744.      9.422798E-005      2.682886E-001      3.022048E-001      6.886628E-002      7.694043E-002      1.219024E-006      2.540541E-005      2.372383E-005      7.552783E-005      1.140254E-001
20181104      2458426.0     1830.      7.010351E-005      1.836701E-001      1.938809E-001      5.049445E-002      5.915249E-002      8.687730E-007      1.526320E-005      1.539053E-005      6.338765E-005      7.156558E-002
20181105      2458427.0     7182.      3.396266E-005      8.864781E-002      9.490512E-002      3.044130E-002      3.376204E-002      4.244642E-007      4.556322E-006      7.126160E-006      2.937629E-005      3.617207E-002
20181106      2458428.0     2279.      4.380119E-005      1.269469E-001      1.432312E-001      3.660642E-002      4.050947E-002      5.699938E-007      9.868295E-006      1.081139E-005      3.906138E-005      5.596454E-002
20181107      2458429.0     8473.      3.547671E-005      9.099241E-002      9.855594E-002      2.839400E-002      3.145173E-002      4.244109E-007      5.354505E-006      7.519080E-006      3.217729E-005      3.968553E-002
20181108      2458430.0     9338.      2.229016E-005      6.214887E-002      6.632787E-002      1.917985E-002      2.154363E-002      2.770097E-007      3.438599E-006      5.113111E-006      2.015943E-005      2.599367E-002
20181109      2458431.0     4955.      4.518317E-005      1.211517E-001      1.306563E-001      3.841846E-002      4.230067E-002      5.539282E-007      7.608467E-006      9.848498E-006      3.802276E-005      4.791085E-002
20181110      2458432.0     9712.      2.113816E-005      5.984687E-002      6.441464E-002      1.696254E-002      1.898336E-002      2.612539E-007      3.780775E-006      5.243195E-006      1.951329E-005      2.097084E-002
20181111      2458433.0     9822.      2.128742E-005      6.003150E-002      6.469493E-002      1.695307E-002      1.895751E-002      2.644605E-007      3.682677E-006      5.200439E-006      1.955161E-005      2.197982E-002
20181112      2458434.0     8283.      2.279933E-005      6.495331E-002      7.015788E-002      1.815927E-002      2.029902E-002      2.828103E-007      4.010131E-006      5.805389E-006      2.127436E-005      2.699170E-002
20181113      2458435.0     2606.      4.514827E-005      1.335637E-001      1.402383E-001      4.388636E-002      4.773054E-002      5.764647E-007      7.814272E-006      1.035609E-005      3.774666E-005      5.328386E-002
20181114      2458436.0     7487.      2.362504E-005      6.773240E-002      7.371175E-002      1.878616E-002      2.111754E-002      2.959028E-007      4.527753E-006      6.062235E-006      2.180356E-005      2.904253E-002
20181115      2458437.0     1150.      6.765021E-005      1.753323E-001      2.216664E-001      4.772440E-002      5.429736E-002      8.524530E-007      1.778499E-005      1.716780E-005      2.957104E-005      4.688448E-002
20181116      2458438.0     8297.      2.163660E-005      6.205107E-002      6.766663E-002      1.801414E-002      2.013287E-002      2.743202E-007      3.826481E-006      5.356253E-006      2.125050E-005      2.341577E-002
20181117      2458439.0     7037.      2.446363E-005      6.896652E-002      7.639390E-002      1.937268E-002      2.165965E-002      3.120484E-007      4.536559E-006      6.080683E-006      2.343194E-005      2.743819E-002
20181118      2458440.0     3054.      3.567123E-005      1.014840E-001      1.148276E-001      2.868001E-002      3.198634E-002      4.588231E-007      6.511612E-006      8.975380E-006      3.222120E-005      4.835091E-002
20181120      2458442.0     3440.      1.582916E-004      2.342297E-001      2.449995E-001      1.121923E-001      1.110145E-001      1.253890E-006      5.016686E-005      2.142210E-005      1.188732E-004      2.852035E-001
20181121      2458443.0      247.      1.600823E-004      3.859935E-001      4.560584E-001      1.109426E-001      1.368474E-001      2.097611E-006      2.106848E-005      3.327321E-005      8.223405E-005      7.680738E-002
20181122      2458444.0       77.      2.220592E-004      8.510990E-001      8.951153E-001      3.197763E-001      3.607198E-001      3.351143E-006      5.598672E-005      6.904266E-005      1.064424E-004      9.179495E-002
20181125      2458447.0      580.      1.114078E-004      2.773068E-001      3.188196E-001      7.806002E-002      9.487628E-002      1.430940E-006      1.666052E-005      2.071709E-005      7.876050E-005      6.855261E-002
20181126      2458448.0      461.      1.601736E-004      3.922953E-001      4.061549E-001      1.418571E-001      1.550394E-001      1.953926E-006      4.599055E-005      2.573156E-005      9.140639E-005      2.395803E-001
20181127      2458449.0     1026.      7.154389E-005      2.026539E-001      2.053941E-001      6.838173E-002      7.513639E-002      9.991722E-007      1.541758E-005      1.465560E-005      4.912103E-005      7.396879E-002
20181128      2458450.0     9332.      2.116924E-005      5.794714E-002      6.364705E-002      1.704911E-002      1.926472E-002      2.623471E-007      3.451522E-006      4.926774E-006      1.804781E-005      2.452438E-002
20181129      2458451.0     9628.      2.072098E-005      5.741012E-002      6.285645E-002      1.660381E-002      1.870018E-002      2.586749E-007      3.577589E-006      5.030996E-006      2.034736E-005      2.428731E-002
