model = proj_rotz_exp1_asym
-------------------------------------------------------------------------------------------------------------------------------------------------------------------------------------------------------------------------------
    date    julian_date         n                 a0                 xo                 yo                 xz                 yz                  v                  s                  d                  j                phi
     [/]            [/]       [/]              [rad]               [px]               [px]               [px]               [px]           [rad/px]              [rad]             [1/px]                [/]              [rad]
-------------------------------------------------------------------------------------------------------------------------------------------------------------------------------------------------------------------------------
 
20190105      2458488.0     2947.      1.448236E-001      5.115643E+002      5.959475E+002      5.107720E+002      5.930201E+002      2.935950E-003      1.997298E-003      9.951721E-003      1.771864E-003      1.042082E+000
20190106      2458489.0    12144.      1.448636E-001      5.116781E+002      5.958866E+002      5.106992E+002      5.930266E+002      2.933553E-003      2.118596E-003      9.824204E-003      1.732457E-003      1.062278E+000
20190107      2458490.0     2103.      1.449327E-001      5.117108E+002      5.958859E+002      5.107630E+002      5.930168E+002      2.932528E-003      2.169567E-003      9.774147E-003      1.648260E-003      1.016236E+000
20190109      2458492.0    12406.      1.448684E-001      5.117549E+002      5.958864E+002      5.107372E+002      5.929962E+002      2.928837E-003      2.430740E-003      9.522874E-003      1.632742E-003      9.970527E-001
20190110      2458493.0    16790.      1.448776E-001      5.117078E+002      5.959410E+002      5.107354E+002      5.929573E+002      2.931214E-003      2.266119E-003      9.680339E-003      1.670894E-003      1.027855E+000
20190111      2458494.0     5595.      1.448816E-001      5.117226E+002      5.958918E+002      5.107546E+002      5.929966E+002      2.932414E-003      2.200144E-003      9.742009E-003      1.723107E-003      1.027929E+000
20190112      2458495.0     6198.      1.448237E-001      5.116771E+002      5.958943E+002      5.107451E+002      5.930268E+002      2.927245E-003      2.561178E-003      9.398617E-003      1.686883E-003      9.840794E-001
20190113      2458496.0    10420.      1.448415E-001      5.116434E+002      5.958480E+002      5.107646E+002      5.930433E+002      2.932238E-003      2.196489E-003      9.747448E-003      1.698472E-003      1.014219E+000
20190114      2458497.0    13228.      1.448603E-001      5.116216E+002      5.958947E+002      5.107329E+002      5.929784E+002      2.930656E-003      2.310009E-003      9.632335E-003      1.691752E-003      1.029285E+000
20190115      2458498.0    10153.      1.448528E-001      5.116625E+002      5.958845E+002      5.107344E+002      5.929943E+002      2.930203E-003      2.333756E-003      9.612000E-003      1.685408E-003      9.699396E-001
20190116      2458499.0       67.      1.447550E-001      5.111370E+002      5.948100E+002      5.107510E+002      5.932150E+002      2.814510E-003      2.280990E-002      4.821430E-003      1.432390E-003      7.140540E-001
20190117      2458500.0       35.      1.405434E-001      5.101404E+002      6.009573E+002      5.137668E+002      5.945776E+002      2.720114E-003      4.149335E-002      4.346170E-003      3.928721E-003      4.887451E+000
20190118      2458501.0      233.      1.449450E-001      5.116870E+002      5.957870E+002      5.108280E+002      5.931100E+002      2.929020E-003      2.427370E-003      9.504450E-003      1.637850E-003      6.892100E-001
20190119      2458502.0      272.      1.448750E-001      5.125650E+002      5.949580E+002      5.108000E+002      5.931600E+002      2.910750E-003      4.077030E-003      8.289050E-003      2.082120E-003      2.695520E-001
20190120      2458503.0      292.      1.501417E-001      5.114280E+002      5.931313E+002      5.099411E+002      5.938730E+002      2.801823E-003      9.159329E-003      6.934727E-003      4.284271E-003      5.830830E+000
20190121      2458504.0      377.      1.459812E-001      5.113080E+002      5.955749E+002      5.106546E+002      5.931429E+002      2.926105E-003      2.485614E-003      9.210963E-003      6.262139E-003      3.692783E-001
20190125      2458508.0      911.      1.451528E-001      5.113777E+002      5.964084E+002      5.109194E+002      5.929183E+002      2.915180E-003      3.666801E-003      8.561791E-003      9.859790E-004      4.884615E-001
20190126      2458509.0      879.      1.448044E-001      5.115676E+002      5.958374E+002      5.108275E+002      5.929734E+002      2.918681E-003      3.209172E-003      8.896280E-003      1.438340E-003      1.047124E+000
20190128      2458511.0    14524.      1.448884E-001      5.116920E+002      5.958586E+002      5.107362E+002      5.929506E+002      2.930420E-003      2.313596E-003      9.631464E-003      1.704836E-003      1.043448E+000
20190129      2458512.0      493.      1.449518E-001      5.116432E+002      5.956988E+002      5.107557E+002      5.929922E+002      2.923550E-003      2.891664E-003      9.105316E-003      1.586373E-003      1.098087E+000
20190130      2458513.0       76.      1.501886E-001      5.173456E+002      5.914716E+002      5.101189E+002      5.921987E+002      2.976133E-003      9.935828E-004      1.050292E-002      1.469706E-002      5.377002E-001
